LAMMPS Description Bonding_Atoms  3 17 ['Delete_Atoms 18 11']
19 atoms
17 bonds
30 angles
40 dihedrals
2 impropers

Types

1 3
2 3
3 9
4 3
5 3
6 10
7 4
8 4
9 4
10 4
11 7
12 4
13 4
14 4
15 4
16 11
17 1
18 8
19 2

Charges

1 0.00846997
2 0.0186342
3 -0.238058
4 0.0186342
5 0.00846997
6 -0.314163
7 0.0441485
8 0.0441485
9 0.0449274
10 0.0449274
11 0
12 0.0449274
13 0.0449274
14 0.0441485
15 0.0441485
16 -0.275548
17 0.233219
18 0
19 0.0354486

Coords

1 2.50326 -1.85077 -0.620159
2 1.37624 -0.785749 -0.718206
3 1.55477 0.372294 0.199603
4 2.93896 0.91502 0.282301
5 3.94786 0.173305 -0.627859
6 3.85462 -1.27826 -0.435194
7 2.48429 -2.45829 -1.53553
8 2.28426 -2.52358 0.220839
9 1.3663 -0.393059 -1.74288
10 0.414627 -1.28049 -0.565531
11 -0.6892 0.0 5.0
12 3.27406 0.842542 1.32444
13 2.93616 1.97793 0.00520199
14 3.72745 0.419832 -1.67317
15 4.96436 0.515961 -0.407723
16 0.686199 2.30382 1.02906
17 0.48337 1.17029 0.62716
18 0.6892 0.0 5.0
19 -0.888161 0.7802 0.585247

Bonds

1 7 6 5
2 3 5 4
3 4 5 15
4 4 5 14
5 4 2 9
6 3 2 1
7 7 1 6
8 4 1 8
9 4 1 7
10 4 2 10
11 6 3 4
12 4 4 13
13 4 4 12
14 10 17 3
15 6 3 2
16 8 19 17
17 11 17 16

Angles

1 5 5 4 13
2 5 5 4 12
3 5 4 5 15
4 5 4 5 14
5 7 6 5 4
6 8 3 4 5
7 9 15 5 14
8 10 6 5 15
9 10 6 5 14
10 16 1 6 5
11 5 1 2 9
12 9 10 2 9
13 11 3 2 9
14 5 2 1 8
15 5 2 1 7
16 5 1 2 10
17 7 2 1 6
18 8 3 2 1
19 9 8 1 7
20 10 6 1 8
21 10 6 1 7
22 11 3 2 10
23 9 13 4 12
24 11 3 4 13
25 11 3 4 12
26 18 2 3 4
27 19 17 3 4
28 15 16 17 3
29 19 17 3 2
30 13 19 17 16

Dihedrals

1 4 3 4 5 6
2 4 3 4 5 15
3 4 3 4 5 14
4 4 6 5 4 13
5 4 6 5 4 12
6 4 15 5 4 13
7 4 15 5 4 12
8 4 14 5 4 13
9 4 14 5 4 12
10 5 2 3 4 5
11 11 17 3 4 5
12 12 5 6 1 8
13 12 5 6 1 7
14 12 1 6 5 15
15 12 1 6 5 14
16 15 1 6 5 4
17 15 2 1 6 5
18 4 6 1 2 9
19 4 9 2 1 8
20 4 9 2 1 7
21 5 4 3 2 9
22 13 17 3 2 9
23 4 3 2 1 6
24 4 3 2 1 8
25 4 3 2 1 7
26 4 6 1 2 10
27 4 10 2 1 8
28 4 10 2 1 7
29 5 1 2 3 4
30 11 17 3 2 1
31 5 4 3 2 10
32 13 17 3 2 10
33 2 19 17 3 4
34 2 16 17 3 4
35 5 2 3 4 13
36 5 2 3 4 12
37 13 17 3 4 13
38 13 17 3 4 12
39 2 19 17 3 2
40 2 16 17 3 2

Impropers

1 2 17 2 3 4
2 1 19 16 17 3
