LAMMPS Description Bonding_Atoms  3 17 ['Delete_Atoms 18 11']
19 atoms
18 bonds
30 angles
36 dihedrals
1 impropers

Types

1 3
2 3
3 10
4 3
5 3
6 10
7 4
8 4
9 4
10 4
11 6
12 4
13 4
14 4
15 4
16 11
17 1
18 8
19 2

Charges

1 0.00771179
2 0.00771179
3 -0.314215
4 0.00771179
5 0.00771179
6 -0.314215
7 0.0441223
8 0.0441223
9 0.0441223
10 0.0441223
11 0.122302
12 0.0441223
13 0.0441223
14 0.0441223
15 0.0441223
16 -0.275639
17 0.251928
18 -0.0378532
19 0.0355526

Coords

1 0.534975 1.34798 -0.0608186
2 1.44032 0.0935188 -0.137388
3 0.699214 -1.05197 -0.699157
4 -0.529819 -1.3483 0.0622166
5 -1.44299 -0.0993044 0.13413
6 -0.706959 1.05576 0.684524
7 1.0816 2.16344 0.428901
8 0.286066 1.6759 -1.08045
9 1.79144 -0.154071 0.872445
10 2.31997 0.313458 -0.754543
11 0.444026 -0.837776 -1.66372
12 -0.264753 -1.65591 1.08241
13 -1.07212 -2.17787 -0.407999
14 -2.31571 -0.317784 0.762646
15 -1.80603 0.141074 -0.874951
16 0.303386 3.46496 4.441971
17 -0.584615 2.66766 4.693104
18 -2.2685 3.31972 4.84661
19 -0.256193 1.28365 4.850595

Bonds

1 4 5 14
2 3 1 2
3 7 2 3
4 4 2 9
5 4 2 10
6 3 4 5
7 7 5 6
8 4 5 15
9 9 17 18
10 7 1 6
11 4 1 7
12 4 1 8
13 4 4 12
14 8 17 19
15 7 3 4
16 4 4 13
17 11 16 17
18 12 3 11

Angles

1 5 4 5 14
2 9 14 5 15
3 10 6 5 14
4 5 1 2 9
5 5 1 2 10
6 5 2 1 7
7 5 2 1 8
8 7 1 2 3
9 7 2 1 6
10 9 9 2 10
11 10 3 2 9
12 10 3 2 10
13 16 2 3 4
14 17 2 3 11
15 5 4 5 15
16 5 5 4 12
17 5 5 4 13
18 7 4 5 6
19 7 3 4 5
20 10 6 5 15
21 16 1 6 5
22 14 16 17 18
23 9 7 1 8
24 10 6 1 7
25 10 6 1 8
26 9 12 4 13
27 10 3 4 12
28 13 16 17 19
29 10 3 4 13
30 17 4 3 11

Dihedrals

1 4 3 4 5 14
2 4 12 4 5 14
3 4 13 4 5 14
4 12 1 6 5 14
5 4 3 2 1 6
6 4 3 2 1 7
7 4 3 2 1 8
8 4 6 1 2 9
9 4 6 1 2 10
10 4 7 1 2 9
11 4 7 1 2 10
12 4 8 1 2 9
13 4 8 1 2 10
14 6 9 2 3 11
15 6 10 2 3 11
16 12 4 3 2 9
17 12 4 3 2 10
18 12 2 3 4 12
19 12 2 3 4 13
20 14 1 2 3 11
21 15 2 3 4 5
22 15 1 2 3 4
23 15 2 1 6 5
24 4 3 4 5 6
25 4 3 4 5 15
26 4 6 5 4 12
27 4 6 5 4 13
28 4 12 4 5 15
29 4 13 4 5 15
30 12 5 6 1 7
31 12 5 6 1 8
32 12 1 6 5 15
33 14 5 4 3 11
34 15 1 6 5 4
35 6 11 3 4 12
36 6 11 3 4 13

Impropers

1 1 16 18 17 19
